VA        A100      0.98 -0.80 -7.65  -4   0   0   0   0   0   0 12  0 12  0   0
VB        A100     -0.40 -0.98 -4.16  -4   0   0   0   0   0   0 12  0 12  0   7
IXD       A100     -1.46 -2.05 -3.33  -4   0   0   0   0   0   0 12  0 12  0   4
IXD       A100      0.32 -0.15 -3.76  -4   0   0   0   0   0   0 12  0 12  0   1
525       A100     -0.01  0.09 -2.57  -2   0   0   0   0   0   0 12  0 12  0   0
1125      A100      0.05  0.13 -2.02  -2   0   0   0   0   0   0 12  0 12  0   0
1524      A100     -0.60  0.60 -8.90  -2   0   0   0   0   0   0 12  0 12  0   0
VA        A200      1.03 -0.75 -7.48  -4   0   0   0   0   0   0 12  0 12  0   0
VB        A200     -0.32 -0.36 -4.46  -4   0   0   0   0   0   0 12  0 12  0   0
IXD       A200      0.47 -0.11 -4.08  -4   0   0   0   0   0   0 12  0 12  0   0
525       A200      0.09 -0.06 -3.28  -2   0   0   0   0   0   0 12  0 12  0   0
1125      A200     -0.00  0.01 -2.26  -2   0   0   0   0   0   0 12  0 12  0   0
1524      A200     -0.25  0.19-10.48  -2   0   0   0   0   0   0 12  0 12  0   0
VA        A300      0.85 -0.27 -5.20  -4   0   0   0   0   0   0 12  0 12  0   0
VB        A300     -0.40 -0.23 -4.32  -4   0   0   0   0   0   0 12  0 12  0   0
IXD       A300      0.39 -0.65 -5.25  -4   0   0   0   0   0   0 12  0 12  0   0
525       A300      0.01  0.24 -3.45  -2   0   0   0   0   0   0 12  0 12  0   0
1125      A300      0.41  0.76-19.39  -3   0   0   0   0   0   0 12  0 12  0   0
1524      A300     -0.73  0.41 -9.19  -2   0   0   0   0   0   0 12  0 12  0   0
VA        A400      0.55 -0.31 -4.90  -4   0   0   0   0   0   0 12  0 12  0   0
VB        A400     -0.25 -0.01 -4.52  -4   0   0   0   0   0   0 12  0 12  0   0
IXD       A400      0.90 -0.69 -6.91  -4   0   0   0   0   0   0 12  0 12  0   0
525       A400      0.04 -0.05 -3.29  -2   0   0   0   0   0   0 12  0 12  0   0
1125      A400     -0.01  0.11 -2.26  -2   0   0   0   0   0   0 12  0 12  0   0
1524      A400     -0.87 -0.01 -7.01  -2   0   0   0   0   0   0 12  0 12  0   0
VA        A500      0.47 -0.17 -5.20  -4   0   0   0   0   0   0 12  0 12  0   0
VB        A500     -0.40 -0.11 -5.73  -4   0   0   0   0   0   0 12  0 12  0   0
IXD       A500      1.73 -1.92-14.25  -4   0   0   0   0   0   0 12  0 12  0   0
525       A500      0.69 -1.82-10.00  -3   0   0   0   0   0   0 12  0 12  0   0
1125      A500     -0.16  0.08 -2.69  -4   0   0   0   0   0   0 12  0 12  0   0
1524      A500     -1.87 -0.01 -7.02  -4   0   0   0   0   0   0 12  0 12  0   0
VA        A450      0.32 -0.34 -4.93  -4   0   0   0   0   0   0 12  0 12  0   0
VB        A450     -0.46  0.01 -5.13  -4   0   0   0   0   0   0 12  0 12  0   0
IXD       A450      1.00 -1.05 -8.70  -4   0   0   0   0   0   0 12  0 12  0   0
525       A450      0.06 -0.02 -2.92  -2   0   0   0   0   0   0 12  0 12  0   0
1125      A450     -0.13  0.31 -3.40  -3   0   0   0   0   0   0 12  0 12  0   1
1524      A450     -3.83 -1.94 -8.73  -4   0   0   0   0   0   0 12  0 12  0   0
VA        A550      0.65 -0.31 -6.09  -4   0   0   0   0   0   0 12  0 12  0   0
VB        A550     -1.34 -0.83 -9.68  -4   0   0   0   0   0   0 12  0 12  0   0
IXD       A550      0.56 -1.48 -6.61  -4   0   0   0   0   0   0 12  0 12  0   0
525       A550      1.55 -2.40 -6.76  -4   0   0   0   0   0   0 12  0 12  0   0
1125      A550    -13.27  2.11 -0.94  -5   0   0   0   0   0   0 12  0 12  0   3
1524      A550     -2.62  0.98-14.87  -4   0   0   0   0   0   0 12  0 12  0   0
