VA        A100      0.91 -0.88 -7.41  -4   0   0   0   0   0   0 12  0 12  0   0
VB        A100     -1.73 -1.47 -4.05  -4   0   0   0   0   0   0 12  0 12  0   2
VB        A100     -0.95 -0.57 -4.27  -4   0   0   0   0   0   0 12  0 12  0   1
IXD       A100     -0.11 -0.49 -3.81  -4   0   0   0   0   0   0 12  0 12  0   0
525       A100     -0.44 -0.80 -2.64  -2   0   0   0   0   0   0 12  0 12  0   2
1125      A100      0.12 -0.02 -2.21  -2   0   0   0   0   0   0 12  0 12  0   0
1524      A100     -1.11  0.27 -8.68  -2   0   0   0   0   0   0 12  0 12  0   0
VA        A200      1.22 -0.66 -7.54  -4   0   0   0   0   0   0 12  0 12  0   0
VB        A200     -0.50 -0.30 -4.60  -4   0   0   0   0   0   0 12  0 12  0   0
IXD       A200      0.37 -0.07 -4.53  -4   0   0   0   0   0   0 12  0 12  0   0
525       A200      0.05  0.19 -3.93  -2   0   0   0   0   0   0 12  0 12  0   0
1125      A200     -0.05  0.17 -3.65  -2   0   0   0   0   0   0 12  0 12  0   0
1524      A200     -0.26  0.64-11.86  -2   0   0   0   0   0   0 12  0 12  0   0
VA        A400      0.73 -0.48 -2.33  -4   0   0   0   0   0   0 12  0 12  0   0
VB        A400     -0.45 -0.31 -5.47  -4   0   0   0   0   0   0 12  0 12  0   0
IXD       A400      0.67 -0.46 -7.96  -4   0   0   0   0   0   0 12  0 12  0   0
525       A400      0.22  0.10 -5.92  -2   0   0   0   0   0   0 12  0 12  0   0
1125      A400      0.13  0.01 -5.60  -2   0   0   0   0   0   0 12  0 12  0   0
1524      A400     -0.10  0.05 -2.39  -1   0   0   0   0   0   0 12  0 12  0   0
VA        A300     -1.64 -3.08 -5.86  -4   0   0   0   0   0   0 12  0 12  0   4
VA        A300      0.91 -0.61 -6.32  -4   0   0   0   0   0   0 12  0 12  0   0
VB        A300     -0.62 -0.38 -4.64  -4   0   0   0   0   0   0 12  0 12  0   0
525       A300      0.25  0.16 -4.64  -2   0   0   0   0   0   0 12  0 12  0   0
IXD       A300      0.52 -0.76 -5.46  -4   0   0   0   0   0   0 12  0 12  0   0
1125      A300     -0.05 -0.03 -4.07  -2   0   0   0   0   0   0 12  0 12  0   0
1524      A300     -0.09 -0.11-13.89  -2   0   0   0   0   0   0 12  0 12  0   0
VA        A450      0.94 -0.61 -7.15  -4   0   0   0   0   0   0 12  0 12  0   0
VB        A450     -0.33 -0.20 -6.23  -4   0   0   0   0   0   0 12  0 12  0   0
IXD       A450      1.37 -0.96-10.98  -4   0   0   0   0   0   0 12  0 12  0   0
525       A450      0.38  0.26 -7.05  -2   0   0   0   0   0   0 12  0 12  0   0
1125      A450     -0.00  0.20 -6.30  -2   0   0   0   0   0   0 12  0 12  0   0
1524      A450     -0.11  0.16 -2.36  -1   0   0   0   0   0   0 12  0 12  0   0
VA        A500      0.65 -0.38 -6.89  -4   0   0   0   0   0   0 12  0 12  0   0
VB        A500     -0.43  0.03 -7.38  -4   0   0   0   0   0   0 12  0 12  0   0
IXD       A500      0.23 -0.23 -2.08  -3   0   0   0   0   0   0 12  0 12  0   0
525       A500      0.88 -0.29 -7.52  -2   0   0   0   0   0   0 12  0 12  0   0
1125      A500      0.52  0.22 -6.18  -2   0   0   0   0   0   0 12  0 12  0   0
1524      A500     -0.02  0.00 -2.31  -1   0   0   0   0   0   0 12  0 12  0   0
VA        A550      1.16 -0.68 -7.77  -4   0   0   0   0   0   0 12  0 12  0   0
VB        A550     -0.26 -0.03-13.83  -4   0   0   0   0   0   0 12  0 12  0   0
IXD       A550      0.57 -0.72 -5.58  -3   0   0   0   0   0   0 12  0 12  0   0
525       A550      0.48 -0.39 -7.48  -2   0   0   0   0   0   0 12  0 12  0   0
1125      A550      0.34  0.32 -6.34  -2   0   0   0   0   0   0 12  0 12  0   0
1524      A550     -0.07 -0.02 -2.27  -1   0   0   0   0   0   0 12  0 12  0   0
