525       300      -0.35  0.31 -9.68  -3   0   0   0   0   0   0 12  0 12  0   0
525       500      -0.23  0.12 -5.42  -2   0   0   0   0   0   0 12  0 12  0   0
525       550      -0.02  0.28 -5.56  -2   0   0   0   0   0   0 12  0 12  0   0
525       T450     -0.18  0.11 -3.82  -2   0   0   0   0   0   0 12  0 12  0   0
VA        T100     -0.67  1.73 -0.05  -5   0   0   0   0   0   0 12  0 12  0  12
VB        T100     -1.37  1.92 -2.15  -5   0   0   0   0   0   0 12  0 12  0   9
IXD       T100     -1.27  0.52 -1.46  -5   0   0   0   0   0   0 12  0 12  0  12
1125      T100     -0.15  0.07 -2.77  -3   0   0   0   0   0   0 12  0 12  0   0
1524      T100      0.13  0.36 -4.84  -3   0   0   0   0   0   0 12  0 12  0   0
VA        T200     -1.11  2.28 -0.86  -5   0   0   0   0   0   0 12  0 12  0  12
VB        T200     -1.71  1.69 -3.43  -5   0   0   0   0   0   0 12  0 12  0   6
IXD       T200     -0.91  0.35 -3.53  -5   0   0   0   0   0   0 12  0 12  0   7
1125      T200     -0.27  0.44-13.62  -3   0   0   0   0   0   0 12  0 12  0   0
1524      T200      0.24  0.85-17.82  -3   0   0   0   0   0   0 12  0 12  0   0
VA        T300     -1.19  1.71 -3.28  -5   0   0   0   0   0   0 12  0 12  0   6
VB        T300     -1.67  1.71 -5.41  -5   0   0   0   0   0   0 12  0 12  0   7
IXD       T300     -0.90 -0.47 -6.86  -5   0   0   0   0   0   0 12  0 12  0   7
1125      T300      0.12 -0.14 -2.20  -2   0   0   0   0   0   0 12  0 12  0   0
1524      T300     -0.01  0.22 -3.22  -2   0   0   0   0   0   0 12  0 12  0   0
VA        T400     -1.39  1.57 -4.75  -5   0   0   0   0   0   0 12  0 12  0   6
VB        T400     -0.61  2.17 -9.03  -5   0   0   0   0   0   0 12  0 12  0   3
IXD       T400      0.43 -0.21-14.13  -5   0   0   0   0   0   0 12  0 12  0   1
1125      T400      0.17 -0.11 -2.95  -2   0   0   0   0   0   0 12  0 12  0   0
1524      T400     -0.07  0.14 -5.72  -2   0   0   0   0   0   0 12  0 12  0   1
VA        T450     -1.90  1.84 -5.66  -5   0   0   0   0   0   0 12  0 12  0   6
VB        T450     -0.12  1.79-11.43  -5   0   0   0   0   0   0 12  0 12  0   4
IXD       T450      0.27 -1.14-19.83  -5   0   0   0   0   0   0 12  0 12  0   0
1125      T450      0.11  0.08 -4.15  -2   0   0   0   0   0   0 12  0 12  0   0
1524      T450     -0.85  0.80-18.20  -2   0   0   0   0   0   0 12  0 12  0   0
VA        T500     -1.34  1.46 -7.05  -5   0   0   0   0   0   0 12  0 12  0   4
VB        T500     -0.61  1.12-17.04  -5   0   0   0   0   0   0 12  0 12  0   2
IXD       T500      0.32 -0.49 -5.10  -4   0   0   0   0   0   0 12  0 12  0   0
1125      T500      0.31  0.28 -6.50  -2   0   0   0   0   0   0 12  0 12  0   0
1524      T500     -0.57  1.27-19.35  -2   0   0   0   0   0   0 12  0 12  0   0
VA        T550     -1.69  1.43-12.59  -5   0   0   0   0   0   0 12  0 12  0   1
VB        T550     -0.04  0.10 -4.10  -4   0   0   0   0   0   0 12  0 12  0   0
IXD       T550      0.50 -0.77 -4.72  -3   0   0   0   0   0   0 12  0 12  0   0
1125      T550      0.42  0.14 -6.31  -2   0   0   0   0   0   0 12  0 12  0   0
1524      T550     -0.59  1.44-19.79  -2   0   0   0   0   0   0 12  0 12  0   0
